      1     23       
      1     30       
      2     11       
      3     19       
      3     21       
      3     22       
      4     21       
      4     22       
      4     24       
      5      6       
      5     15       
      5     26       
      6      3       
      6      5       
      6     30       
      7      3       
      7     21       
      7     22       
      8     14       
      8     20       
      8     24       
      9     18       
      9     29       
      9     30       
     10     27       
     10     28         
     11     18       
     11      7       
     12     11       
     12     29       
     13     22       
     13      3       
     13     11       
     14     19       
     14     21       
     14      3       
     15     14       
     15     21       
     15      3       
     16     11       
     16     18       
     17     29       
     18      5       
     18     11       
     19     14       
     19     21       
     19     22       
     20      8       
     20     22       
     20     21       
     21      3       
     21     22       
     21     20       
     22     19       
     22     14       
     22     21       
     23      5       
     23      4       
     23      3       
     24     19       
     24      7       
     24      4       
     25     27       
     25     30       
     25     31       
     26      5       
     26     15       
     26     20       
     27     25       
     27     30       
     28     21       
     29     12       
     30      6       
     30     27       
     30     28       
     31     25       
     31     30
      2     17       
